7080257942570	13246767622	12abdb70-ad79-4b08-9ca0-9a0d234c52d7	18	15	773	50
3376102007837	13399267499	180ae52b-721e-47ab-ab26-945cbae192a9	18	15	563	66
7074782095080	13834497392	752c57fb-18ed-4ac3-8d7f-10db5027eafd	18	15	770	88
1283907379623	13757682562	0189991b-e8f7-4967-baff-96873b51dfa2	18	15	684	231
6648711360691	13539453597	6484cd62-fa17-4b7e-b66a-00539de349a6	18	15	680	131
8271694002379	13738201776	5a5bc804-7cf8-4de5-957f-05400db1f811	18	15	722	273
7947177995220	13546694646	3ae01dfb-80d7-439f-bc6a-09f660d5ddae	18	15	563	12
0623435577050	13886493069	aedcc0d0-744b-43c2-a86b-a71496b2a6b9	18	15	664	179
0069499738988	13550468713	667a7b5d-060d-4cf5-ab30-c246a121ed78	18	15	767	104
6350722242421	13376728910	7b7b5534-b57d-41d8-9931-c80a77cc0543	18	15	779	66
6906599312394	13426513426	19a58463-01f2-403b-b360-f6ac64c7eaad	18	15	631	274
3776334482197	13534136028	74461edb-186b-491b-b150-f32ca9643871	18	15	591	199
1832061893409	13398800795	37622a1d-b359-463a-b3ad-e6ca6f20dad8	18	15	699	128
6756611660103	13596131423	54fc4fe4-1edc-402c-9096-e4ccaefa7730	18	15	515	243
6942141866861	13501509600	4bf9f0da-38c3-451d-9690-644fbedff6fd	18	15	663	145
0487926938543	13137826048	9c59d0b7-5308-4daa-8a04-47316fab468a	18	15	639	231
7040033748893	13387005878	14045372-94ba-4673-b7ef-14a5c4340e45	18	15	651	45
4342580522581	13837677571	dbf76f04-ca14-43c5-88b0-63dce0de85f1	18	15	569	103
1059716862827	13780613015	ceb744b7-4b27-48d3-972e-6dba75204363	18	15	607	139
0679424847444	13509073143	6a81410f-a2e5-40ad-aa41-7ffd947d7724	18	15	679	113
6124688297307	13132952657	03738bee-987c-47ae-bb10-58b4baf0dcd1	18	15	743	56
1074533725814	13573623669	08aba091-92fe-421e-8ce3-66bf4011aa83	18	15	707	27
1936896926689	13270637589	62af547b-7619-4220-92ee-1a2645d9cbb1	18	15	668	149
3917227657484	13401950689	13f51b07-ce41-42f5-909a-1e760eb0c0f4	18	15	715	164
5691188330688	13096098069	232c4bd2-24ae-4598-8885-da45fe65f0d8	18	15	595	114
9816768435259	13197747368	7ba4567a-34f4-44c9-894b-f45ac5ea08f8	18	15	799	242
0210576298972	13637322520	d52101bb-d9a4-4f01-8595-2b6bdc8580e2	18	15	613	282
3765034579097	13350894404	06322c54-a18a-47b2-9d79-30807a1eb2c8	18	15	799	136
0497651130255	13998294207	e38da6ba-57d8-4075-b8b0-1c975251fecd	18	15	659	276
5500491998982	13435412523	bce4f9a9-78a4-42e9-9aea-65faf20a0664	18	15	769	154
6397439741014	13010904819	e45363d1-edfb-4fda-8691-bf4e087240ea	18	15	625	20
2018768959841	13278032650	bc159215-e72e-499d-bfcb-bba695b91803	18	15	593	299
1567025781727	13639126456	9fe74ff7-2782-41b3-bd20-305bfd296ea1	18	15	689	68
8675152654707	13773164979	770e7ac6-2472-4451-b484-1ef14c8d9c13	18	15	557	165
1447248277541	13436223074	1b010efe-6de7-47c8-89f6-dad0e7d4b387	18	15	560	73
7824314596804	13370048145	50faec55-cbd8-4c6d-899e-707bcba040c1	18	15	521	288
5431784085526	13605782837	5f735b9f-173b-4088-90f1-efe4929c208d	18	15	573	15
6442582509285	13407859907	3d3492e3-94dc-43f3-aaa7-61f9e3117110	18	15	543	147
0928934250049	13467352417	02d5d334-5905-4970-8cfd-dfe24fdc0637	18	15	760	171
6678065848788	13724570591	6d6cb6e9-e231-4231-8e1e-560251536a90	18	15	757	87
9511421113060	13377454668	2a3690db-ba72-42fe-8776-8d56afec065b	18	15	709	77
5773953163090	13215320194	ca474ac9-f323-4b47-827f-52090665fe44	18	15	794	115
7849510523857	13406770810	e8c4ec6c-9b0e-4fe3-94fc-1634cbcd767f	18	15	665	136
4310288642536	13266100932	f7d71535-98b9-43a4-bfaf-c48c460f8d9c	18	15	612	280
8622772189114	13324268462	7334e7ba-76d5-43b2-9943-acdd6ab269ee	18	15	545	253
4209543904852	13238526076	a888a8d2-1092-4895-a4e7-6b72e514a663	18	15	769	247
9105791092134	13689056605	35059c6e-f02d-48d3-a29c-7e54ab3cf1e8	18	15	777	204
0451295278749	13431466548	32494c07-bd96-4ca7-ba42-25814d0e429d	18	15	550	227
7623139073284	13100749060	831f39c6-02b2-406f-b6f2-235d4dd8c80f	18	15	559	192
2941321657356	13195336235	e2a22d4e-2a51-446c-9e55-d37e760418d5	18	15	541	109